12 6 20

   -0.525731112119133606  0.000000000000000000  0.850650808352039932 
    0.525731112119133606  0.000000000000000000  0.850650808352039932
   -0.525731112119133606  0.000000000000000000 -0.850650808352039932
    0.525731112119133606  0.000000000000000000 -0.850650808352039932    
    0.000000000000000000  0.850650808352039932  0.525731112119133606
    0.000000000000000000  0.850650808352039932 -0.525731112119133606
    0.000000000000000000 -0.850650808352039932  0.525731112119133606
    0.000000000000000000 -0.850650808352039932 -0.525731112119133606 
    0.850650808352039932  0.525731112119133606  0.000000000000000000
   -0.850650808352039932  0.525731112119133606  0.000000000000000000
    0.850650808352039932 -0.525731112119133606  0.000000000000000000
   -0.850650808352039932 -0.525731112119133606  0.000000000000000000

  -1  0  0 
   0 -1  0 
   1  0  0 
   0  1  0 
   0  0  1 
   0  0 -1 

3    0  4  1   0 0 0
3    0  9  4   1 1 1 
3    9  5  4   2 2 2
3    4  5  8   3 3 3
3    4  8  1   4 4 4
3    8 10  1   5 5 5
3    8  3 10   0 0 0
3    5  3  8   1 1 1 
3    5  2  3   2 2 2
3    2  7  3   3 3 3
3    7 10  3   4 4 4
3    7  6 10   5 5 5
3    7 11  6   0 0 0
3   11  0  6   1 1 1 
3    0  1  6   2 2 2
3    6  1 10   3 3 3
3    9  0 11   4 4 4
3    9 11  2   5 5 5
3    9  2  5   0 0 0
3    7  2 11   1 1 1 
